123 543
122 543
122 544
122 545
122 546
122 547
121 547
120 547
119 547
119 548
119 549
119 550
119 551
119 552
118 552
118 553
117 553
117 554
117 555
117 556
117 557
117 558
117 559
117 560
116 560
115 560
115 561
115 562
115 563
115 564
115 565
115 566
114 566
114 567
114 568
114 569
114 570
114 571
114 572
114 573
114 574
114 575
114 576
114 577
114 578
114 579
114 580
114 581
114 582
114 583
113 583
112 583
111 583
110 583
110 584
109 584
109 585
109 586
109 587
109 588
109 589
109 590
108 590
108 591
107 591
107 592
106 592
105 592
104 592
104 593
104 594
103 594
102 594
101 594
101 595
100 595
99 595
99 596
99 597
98 597
98 598
98 599
98 600
97 600
97 601
97 602
97 603
97 604
97 605
96 605
95 605
94 605
93 605
92 605
91 605
90 605
89 605
89 606
89 607
88 607
88 608
88 609
87 609
87 610
87 611
87 612
87 613
87 614
87 615
87 616
87 617
87 618
87 619
87 620
87 621
87 622
86 622
86 623
86 624
86 625
86 626
86 627
86 628
86 629
86 630
86 631
86 632
86 633
86 634
86 635
86 636
86 637
86 638
86 639
86 640
86 641
86 642
86 643
86 644
86 645
86 646
86 647
86 648
86 649
86 650
86 651
86 652
86 653
86 654
86 655
86 656
86 657
86 658
86 659
86 660
86 661
86 662
86 663
86 664
86 665
86 666
86 667
85 667
85 668
85 669
85 670
85 671
85 672
85 673
85 674
85 675
85 676
85 677
85 678
85 679
85 680
85 681
85 682
85 683
85 684
85 685
85 686
84 686
84 687
84 688
84 689
84 690
84 691
84 692
84 693
83 693
83 694
83 695
83 696
83 697
83 698
83 699
82 699
81 699
81 700
81 701
81 702
81 703
81 704
81 705
81 706
81 707
81 708
81 709
80 709
80 710
80 711
80 712
80 713
80 714
80 715
80 716
80 717
80 718
80 719
80 720
80 721
80 722
80 723
80 724
80 725
80 726
80 727
80 728
80 729
80 730
80 731
80 732
80 733
79 733
79 734
79 735
79 736
79 737
79 738
79 739
79 740
79 741
79 742
79 743
79 744
78 744
78 745
77 745
77 746
76 746
76 747
75 747
74 747
74 748
74 749
73 749
73 750
72 750
72 751
71 751
70 751
70 752
70 753
69 753
68 753
68 754
67 754
67 755
67 756
67 757
67 758
66 758
66 759
66 760
65 760
65 761
65 762
65 763
65 764
65 765
65 766
65 767
65 768
65 769
65 770
64 770
64 771
63 771
63 772
63 773
63 774
63 775
62 775
61 775
60 775
59 775
58 775
58 776
58 777
58 778
58 779
57 779
57 780
56 780
56 780
56 780
56 780
56 780
56 780
56 780
56 780
56 780
56 780
56 780
56 780
56 780
56 780
56 780
56 780
56 780
56 780
56 780
56 780
56 780
56 780
56 780
56 780
56 780
56 780
56 780
56 780
56 780
56 780
56 780
56 780
56 780
56 780
56 780
56 780
56 780
56 780
56 780
56 780
56 780
56 780
56 780
56 780
56 780
56 780
56 780
56 780
56 780
56 780
56 780
56 780
56 780
56 780
56 780
56 780
56 780
56 780
56 780
56 780
56 780
56 780
56 780
56 780
56 780
56 780
56 780
56 780
56 780
56 780
56 780
56 780
56 780
56 780
56 780
56 780
56 780
56 780
56 780
56 780
56 780
56 780
56 780
56 780
56 780
56 780
56 780
56 780
56 780
56 780
56 780
56 780
56 780
56 780
56 780
56 780
56 780
56 780
56 780
56 780
56 780
56 780
56 780
56 780
56 780
56 780
56 780
56 780
56 780
56 780
56 780
56 780
56 780
56 780
56 780
56 780
56 780
56 780
56 780
56 780
56 780
56 780
56 780
56 780
56 780
56 780
56 780
56 780
56 780
56 780
56 780
56 780
56 780
56 780
56 780
56 780
56 780
56 780
56 780
56 780
56 780
56 780
56 780
56 780
56 780
56 780
56 780
56 780
56 780
56 780
56 780
56 780
56 780
56 780
56 780
56 780
56 780
56 780
56 780
56 780
56 780
56 780
56 780
56 780
56 780
56 780
56 780
56 780
56 780
56 780
56 780
56 780
56 780
56 780
56 780
56 780
56 780
56 780
56 780
56 780
56 780
56 780
56 780
56 780
56 780
56 780
56 780
56 780
56 780
56 780
56 780
56 780
56 780
56 780
56 780
56 780
56 780
56 780
56 780
56 780
56 780
56 780
56 780
56 780
56 780
56 780
56 780
56 780
56 780
56 780
56 780
56 780
56 780
56 780
56 780
56 780
56 780
56 780
56 780
56 780
56 780
56 780
56 780
56 780
56 780
56 780
56 780
56 780
56 780
56 780
56 780
56 780
56 780
56 780
56 780
56 780
56 780
56 780
56 780
56 780
56 780
56 780
56 780
56 780
56 780
56 780
56 780
56 780
56 780
56 780
56 780
56 780
56 780
56 780
56 780
56 780
56 780
56 780
56 780
56 780
56 780
56 780
56 780
56 780
56 780
56 780
56 780
56 780
56 780
56 780
56 780
56 780
56 780
56 780
56 780
56 780
56 780
56 780
56 780
56 780
56 780
56 780
56 780
56 780
56 780
56 780
56 780
56 780
56 780
56 780
56 780
56 780
56 780
56 780
56 780
56 780
56 780
56 780
56 780
56 780
56 780
56 780
56 780
56 780
56 780
56 780
56 780
56 780
56 780
56 780
56 780
56 780
56 780
56 780
56 780
56 780
56 780
56 780
56 780
56 780
56 780
56 780
56 780
56 780
56 780
56 780
56 780
56 780
56 780
56 780
56 780
56 780
56 780
56 780
56 780
56 780
56 780
56 780
56 780
56 780
56 780
56 780
56 780
56 780
56 780
56 780
56 780
56 780
56 780
56 780
56 780
56 780
56 780
56 780
56 780
56 780
56 780
56 780
56 780
56 780
56 780
56 780
56 780
56 780
56 780
56 780
56 780
56 780
56 780
56 780
56 780
56 780
56 780
56 780
56 780
56 780
56 780
56 780
56 780
56 780
56 780
56 780
56 780
56 780
56 780
56 780
56 780
56 780
56 780
56 780
56 780
56 780
56 780
56 780
56 780
56 780
56 780
56 780
56 780
56 780
56 780
56 780
56 780
56 780
56 780
56 780
56 780
56 780
56 780
56 780
56 780
56 780
56 780
56 780
56 780
56 780
56 780
56 780
56 780
56 780
56 780
56 780
56 780
56 780
56 780
56 780
56 780
56 780
56 780
56 780
56 780
56 780
56 780
56 780
56 780
56 780
56 780
56 780
56 780
56 780
56 780
56 780
56 780
56 780
56 780
56 780
56 780
56 780
56 780
56 780
56 780
56 780
56 780
56 780
56 780
56 780
56 780
56 780
56 780
56 780
56 780
56 780
56 780
56 780
56 780
56 780
56 780
56 780
56 780
56 780
56 780
56 780
56 780
56 780
56 780
56 780
56 780
56 780
56 780
56 780
56 780
56 780
56 780
56 780
56 780
56 780
56 780
56 780
56 780
56 780
56 780
56 780
56 780
56 780
56 780
56 780
56 780
56 780
56 780
56 780
56 780
56 780
56 780
56 780
56 780
56 780
56 780
56 780
56 780
56 780
56 780
56 780
56 780
56 780
56 780
56 780
56 780
56 780
56 780
56 780
56 780
56 780
56 780
56 780
56 780
56 780
56 780
56 780
56 780
56 780
56 780
56 780
56 780
56 780
56 780
56 780
56 780
56 780
56 780
56 780
56 780
56 780
56 780
56 780
56 780
56 780
56 780
56 780
56 780
56 780
56 780
56 780
56 780
56 780
56 780
56 780
56 780
56 780
56 780
56 780
56 780
56 780
56 780
56 780
56 780
56 780
56 780
56 780
56 780
56 780
56 780
56 780
56 780
56 780
56 780
56 780
56 780
56 780
56 780
56 780
56 780
56 780
56 780
56 780
56 780
56 780
56 780
56 780
56 780
56 780
56 780
56 780
56 780
56 780
56 780
56 780
56 780
56 780
56 780
56 780
56 780
56 780
56 780
56 780
56 780
56 780
56 780
56 780
56 780
56 780
56 780
56 780
56 780
56 780
56 780
56 780
56 780
56 780
56 780
56 780
56 780
56 780
56 780
56 780
56 780
56 780
56 780
56 780
56 780
56 780
56 780
56 780
56 780
56 780
56 780
56 780
56 780
56 780
56 780
56 780
56 780
56 780
56 780
56 780
56 780
56 780
56 780
56 780
56 780
56 780
56 780
56 780
56 780
56 780
56 780
56 780
56 780
56 780
56 780
56 780
56 780
56 780
56 780
56 780
56 780
56 780
56 780
56 780
56 780
56 780
56 780
56 780
56 780
56 780
56 780
56 780
56 780
56 780
56 780
56 780
56 780
56 780
56 780
56 780
56 780
56 780
56 780
56 780
56 780
56 780
56 780
56 780
56 780
56 780
56 780
56 780
56 780
Finished
